3³2

16661616, 1166611, 16666 61, 67, 71, 166.

116116, 1666666, 6111666 ο1 Dubia, 181,
614.

3616663666, John, 118.

6666663661666, 1166, English family 61
166616164.

nemra, william, 6616611 ιο, 66.

Β66661616, 0666166666176, 168.

3616616116, 11611661, 66111166 61, 106.

1666661616, 11111661, 607.

1166661616, 1116116166, 807.

11616311, 1116116166, 16.

31616, Adam, 018.

111616, 06611661, made collector 61 66111
66161, 164. .

Βο11, J 01111, 29⁰.

66111166, 6 66666 16, 6611 61 0661661166ιί6
6116611666. 8660666666666161.

Β6111166, 1661666 1116 661666 16, 6116116666
366616616, 10,10; 16666 66611616-
616661, 1096 3166166 1166661116 61
Elisabeth 116116661116, 116116114,
1161 16666 366616616,110,111.

66111166,111111616 16 616 1166166 16, 661666
1661166366611166 3666166 ιο, 86-40.

Β6111161, 1111116661 0666663111, 116118.

1166616, 1666166160.

161616, Alica, 666666 3666166 ιο, 64, 86.

1116666, John, 607.

Β166166311666,66116, 6111616116, 106.

Β6616611311666,66116 6116 66116666, 146.

Β166166311661,1161166 66, loni 61 1166661-
311616, 116, 666.

6666111616, 166.

Β661166666,ι66 11631, 68.

6116161, 166.

Β1666, John, 66611666, 661666 granted to,
77, 78.

11666616, Thomas, 111.

116666, 11166116, 6666611661, 61 1166666611-
1166 61, 76, 76.

116666, 1666166, 101.

Βιο66661666,66.

3666663666,1161166,6116616610666663161,
166, 116.

6116166666, 808.

Bryne, 0116166666, 607.

1116116616, 16661, 61 waterford, 61.

INDEX.

11663, John, 61161 1111166666, 11666 61 1166-
116663, 66 nole.

Β663, 6666, 66111166 166 confirmation 16
11661136 6111666666 3166166, 70.

36636, John 66, 68.

116636,166166666,1ο1166116611161066·
666361, 160.

1111666116, noim, 61.

666166, william. 1.

1161611616, 1166, 11631166 6611611666, ·
164.

0.

0611, 166166 66, 116.
0611116,11661 61, 141.
06616161161161166, 6611666 166 66111661
366616616, 18, 19.
6661666611616816116161166663166166
cummim} or nnumin„ 66661
0616131611666616166 61 116666366616,
061161164966116, 61661, 6661661 61 16666
3166166 ιο, 166.
666166] 61 36666, 616. 61, 3166166 16
6166111666, 117, 167.
06116116, william 66, 66616666166116 66

0116161161 36666 granted 16, 617,
167.

carlou, or 0616161636, 11, 86, 41, 44, 100,
111, 110, 266.ι

0611611, 11116 116616 666 6166666611, 66111166
1661616161, 8,1.

0611611, 1116116611 11616, 166166 61, 6661666-
661166 3666166 ιο, 11.

066166, John 66, 61661, 66111166 61, 161-
111.

0666636166, 666116 61, 108.

0666661666, 661666, 66166666 166 homicide,
141, 141.

0611161161366, 66661661661116 61, 116.

0616161 11601166, oo. Tippemy, 60.

cariora 61116666,66.,11ο, 111.

0661161, 6166616666 61, 111.

0661661666, 66. 1166111, 86.

 

