INDEX.

Castelryng, 184.

08108188181, 11181811811181, 8811181111, 42,
1888 1811181, 128, 289.

0811111831. See 0811811.

0811118, 1181883 81, 220.

01], Hugh, 881818118108181111, 18881181
1118 1118 11131 peuce, 48.

01881818181811, 129.

chamberlain, Thomu, merchant 81 08-
188113,1111181118 8811881181, 71.

Chr-nabulum, Ι11811181, 11181811, 811 8811-
11811, 807.

01818813 clerks, 820.

chama, John, 212.

01181881, alim 118188118181181, privileges
81 8131111118 granted to, 155.

0118888111118381, 188.

0181111111, 1811111111, 1888 81 81 81111811,
827. ·

0181181188, 11131, 8111111118, 8181881181 18,
88.

0181181, 48.

01881118118, mma, elerk, 8111181381
1883111181 ιο, 1881881111, 181.

chevet, william, 118, 188, 181, 888.

0181118811, 287.

01181 8111181881, 811188 81, 818.

chief 111 second 81318881, 8111888 81, 288.

0181111, 8881181, 828.

01818, 187.

0181181131, 118.

01818, Thomas, 1811181,118111181 81, 212.

01111811, Thomas de, 818188181 81 11811111,
84, 191.

01818181, 21.

018811818, 88. 118811, 81818181, 188, 818181
81 81. columbe 81, 241.

eloym, 818118888117 81, 88, 89, 110.

818188118111111 81, 108, 111.

018118, Milia bishop 81, 1888888118 granted
1ο, 280.

clyfford, Sir Thomu 18, 328.

01111811,1’8181,18181 81 118 1188181881,
278, 288, 800.

011118818, John 811 11811811, 807.

0811811, 8111118111 8111, 288.

colun 8108111118, 11118181, 274, 280, 281,
287, 808.

833

0818118818118, petition 81 18181111 81, 188-
140.

Colpe, prior 81, 808.

0811, 818118 81, 208.

08188811 81 0111811, 88111188 81, 8, 0.

0811111811 810811181811181, 88111181 81, 128,
128.

0811113, Thomas 818 21881811, 1181181
18, 58.

0811118. See 08111.

081113, 881111181811118181, 208.

08111318,Τ181181, 87.

081188311, 218, 280, 288.

0811, 8811111, 20, 102, 217, 288.

08118111, 120, 127.

0811811118, J 811, 81181 1818181 111818-
quer, 288, 298, 800.

081118, -, 807.

0811881811, 18111188, 87, 88.

08188113, 48, 71.

01131811, port 81, 0.

018811811,8118811831111881,1811813181181
18, 4, 8.

8811, sir 18181, mum or 118811,

grant to, 111, 111, 118.

01831, 181181, 807.

011118, sir J 811, 1911825.

01131, 11181811, 205.

01111831, 1811118118 81, 289.

011811, Barnaby 111 Τ181188, 88111181 81,
182-188.

08181, 08811183, 188811811118 118 111131
peace, 84, 858 181181, 182.

enak, sir Simon, 100, 188, 205.

081111, Thomas, citizen 8111811111, 98-102,

. 111. ,

01111118, Sir 8881181, 828.

0111181181, 88188 81 chief, 818.

01118188 8118811811, 288.

08118111, 8811881181 81, 818, 818.

D.

11811888,118,11131111 family 81 rebels, 284.
11811, Α3181, 11118 818811Ιί881 18 8881,
218.

 

