340

Bede, Letitin, 6661666 61 161 6616161 666
granted 16, 21.

16616611166661, office 01, 27, 268.

8666616666, Simon de, 69.

1161661166 6111166166 6116161166, 266-
207.

11161616 ΙΙ., king 61 11661666, 166661 66616
of, 4 11616.

161161 61,1ο 6666611 61 1161666, 265-
257.
161161 61, 16 6611 610161666, 268.

861611, John 1111, 807.

116616, 116616, grant 61 616611 66616166 61
12611666 to, 111-111.

116616, 81661166, 220.

Boos, 661161, 72.

11666, Thomas, 6616611 granted to, 82.

116666611666, 666616, 266.

Rosa Molyng‚ 6ο. 11661618, town 01, 166.

116666, town 61, 72, 76, 76, 24.

Rome, “ 161166 ” 61 1166161, 76.

note, 11611661, 61661616, 66.

1166,Βί611616, 616111, 284, 286.

116616, David, 307.

Rome, 61616, chief justice of 116 111661
26666, 166166614.

8663661666, 168.

S.

Savage, 8616666, 16666161 61 661661 66
666666161 61 1116161, 26. granted 16,
116, 111.

8666661616, 141.

86661661, 1111116111, 61 116666, 66661661 161
wine to, 61-16.

8616111616, william, 167.

86161666166, 1616, 66666 61 811166166,
6161661166 161, 207.

8661, 861611616666 61 0166161, 611616 61
161161166 6116 granted 16, 42.

8661116166, 11161116, 6161661166 16, 22.

8661166, 'John 1111 Ρ6161, 12661666, 666
John 1111 11661616, 66166116 16, 66.

8611616616, John, 807.

66666,1)166,111, 666, 166, 161.

8611666161 61 1116161, 126.

INDEX.

86166661, John, 61161 61 81. 11611166,
1161116, 6616666 granted Ι16, 56-67,
110, 117, 188.

86166661, 1166166, 661666 6166166 16180,
182.

86166661, Thomas 666 william, 56.

8616666161 06166 61 1166111, 66166 61, 268.

81661616, John, 61661616, 220.

81616166, 1161611, 807.

8166666166, 61· 8111666166, John, 66111166
61, 66-161, 166.

816111616, John, 40.

8116111616, John 1116 0668166, 61 816666-
6166, 6616611 6166166 16, 68.

816111616, Thomas, Β6166 61 1116166661,
288.

816616, 61 8611, 6616161, 220.

816661, alias 86666, Thomas, 51.

81666661, John, 666116166166 1ο, 226.

8116666111, 66. 1161116, 616661 61, 29, 27.

81666616, Τ1161666,661116116 611661, 48.

81666, baron 61, 807.

81661661, 661161, 6.

861611, John, 1111 11161116, 61 61116166-
1666, 661666 granted, 66, 67.
866116, 1666166, 6161666666 61 0161166·

16661, 666.,1166666 16, 117, 1126
general 661666 6166166 16, 242.
8661611666, 8661116, sedeant-adm, 276,
279, 288, 285, 800, 811.
80111616, walter, 24, 26.
8661666611118161, 66611161 6111616116, 66,
161, 116, 166.
86661611 6116, 1661166116 611661, 71, 72.
81611, 11611611, king’s 116666161, 140. 866
erana
stafford, 1161611, 6611 61, 16666 61, 28.
Hugh, 661161, 16666 61, 62.
8166166,1.616.1616,1661166 61 1161666, 24,
188.
8166166, 81111661661166166661611161666,
276. ’
81661666, John, 507.
8166611161, 116616, 61611, 16661666666
granted to, 66, 6ο, 64. ,
6661666 61 16666 granted 16, 261.
8166166, william 1116, 66166666 161·
1611116166, 162.

 

