334

Danyeue, John, justice 11 Κ1110111,143.
111101, John, 10111101 101111111ςο 01 111111-
1011110110111110178,178.

110101, Sir Philip, 10111101 10110011111101 01

- landa, 100-101.
10111110οη10 10, 187, 188.

110110 due to 1110 king, 315.

1101111100, John, 807.

11011110, baron 01, 807.

1101111, 100.

8011011011, 30.

1101110101, John, 111101 10, 88.

1101001011, 1010111 111001 granted 10,
813.

1101001010, (1111111111 11101100, 0111 01,
10111101 01, 118-1181 0110000 10
011101011018, 181, 31411010.

1100001011, John de, powers 10 001111
emim 111001 to, 110-100.

1111101 01 10110111 granted to, 141.
general 1011101 granted 10, 147, 148.
appointed 1110111101 waterford, 185.

1101010100, 1110110111, 1101001101 10, 78.

1)111010,11111111,807.

11111011, 1110111111011111111011011011184.

11011111, 110111, 01 1111101110, general
111101 granted to, 151.

Ded, Roger, 100 farm granted 10, 14, 18.

10111011100100010011111110101100,
811.

1100111, tamenne, 1111111110 111011, 53.

11010101, 11100, 308.

11011011, 801010, 70. ,

11011101110810101, 75.

1101111110, 11101 01, 808.

11011010, 110111, 807.

1)001111111,’1110110, 814.

1101011110, 11011011, 178, 188, 300.

80111010, John, 84, 85.

111110, John, 814.

1110111080 10111, 48, 87, 115, 158,180, 177,
mmmm

1110111001, 110110001111011101, 808, 811.

1110110101, 110.

1111110111, 118.

Dublin 001111, 13, 17, 131, 188.

1110111001, 01, 8100, 100, 010, 100, 000.
0101010181. 10111011, 188.

ΙΝΒΕΧ.

11011111 city-cont.
10010 01 81. Thomas 1110 1111111, 1001,
11, 01, 110, 100, 001, 000.
10011011 01 81. J 011, 1011, 111.
11111110 01, 118.
nablia, 1101011,110111)11101 01, 0111001101
011011141010111101111001101100
peffffssinst 0111 01 11110110, 180-
1111021111001101, 888, 858.
1110111111, 0101111101 01 memoranda
001011111111011 01 1110118011 00,
11111101ῗ911131111, 1101101111 01 11011111,
111110, 1111111117.

ί11111101, John, 818.

1111001, 1111101 0111 prior 01, 808.

’ 1111110111, 00.1101111,1110101,37-40.

11118111, 84.

1101101111, 181.
00110110, 184.

0101110111, 0111111010, 100.

1)110,11011011,100101011110110110,178,188,

Β1101111ῗ8121110, made 001100101 01 10111
00181, 184.

11110111. 8001111111.

Ε.

1111110, 1111111, 814.

1111111,110110111 01, 111.

1110111111, 110.

1111111111, John, 00110001011110, 188,
1801 1011110 granted 10, 84, 88.

111011, John, 0011111111 01, 81, 81.

11101100, 00111100 11111101, 4, 8, 8-11, 18,
14.

English 101010, 0011100101,184,188.

1111100101, 011000 01 011101 and 000011,
888.

8001101101, 010001, 188, 818.

1101010, 1110111, 0011100101 10118

10101101. 8008101101.

 

