330

1101111101, 1111, 10001101 inte 110 king'e
penne, 93.

MeMorgh, Arthur, 320.

11011010011, 11101 enemy, 4, 7, 8, 10, 17,
41,110,110,101.

110011, 0011111, 26, 86, 159, 191, 190, 014,
101100110100.

1101111, 01000 01, 238.

110011, Alexander, 0101110100 01, 0, 00,
110111, 101, 101, 114, 111, 101,
101, 000, 010. “

reward granted 10, 00, 61. -

Melitonte, 01101 01, 300.

Mey, Robert, confirmed in 1001011 01
1101130010251.

1110101, 10010100, appointed 101 01011101,
163.

11111οΙ10111, Hugh, 010, 311.

1111111011,.1011 de, 10010 0101001100 10,
233.

linense 10 perfert 101101, 000. 0111011·

netebridge, 234-230.

Mody, 11ἰο1010010 sergeant 01110 Crosa
01Μο111, 238.

1101031111. SeeMalnhide.

11010, 011010, relies granted 10, 18, 10.

Μο10, 11101011, 59.

11013011, 10010100, 01.

Molingnrre, prior 01, 300.

Μο1110010111,04.

Μο10, John, 307.

11010, 11111101, menon, perdon granted 10,
46, 47.

11010111, Μο1100, made 0101001101 01
Cioyne, 103, 111.

Μο1ἱο10, Sir william, 320.

1101111101, 1101101001 10, 00011000 01
Μ111011, 182.

1101111101, 1111101110, 07.

Μο1111101, 11011011 10, 30, 223, 246.

1101111101, Roget de, 0011 01 March 011
meter, 01, 01, 00100, 100, 101,
110100.

1110110, (101011 1110, nul 01 11111010, 40,
49.

Morsu, John 1111, made 010110 0111111010,
33.

110010, 110111, 219.

INDEX·

Moyrnet, 00. 110011, maner 01, 37-10.
11011111, 324.

11010101, 7, 8, 117.

11111111, 11111100, 0010101 St. 1101011111,
Myneelffi'iohn, 64.

Ν.

Nm, 0001 01, 11, 11, 000.
prior 01, 306.
Nnngle, Thomas, 10101 0111010110, 807.
110110101011, 170, 170, 210.
Naptoun, Philip, 214.
1110010, John, 26.
1101011110, 11001011, marriage 0131111101,
110110.
1101101110 01, 0101101110, 214.
1101011110, 11101011, 214.
Nettervifle, Ρο111011,107.
1101111111, william, protection 10, 71.
1101101011, 200.
1101110110100. “
11011 11οο0111130 01, 70 11010.
1101110310, 101011 01, 202.
11011010, Walter, 001101 granted 10, 01.
1101110110, 11101011 10, 1101100 01000011,
1511010.
1101101111, 1101111, a 1101110011 friat, 1101.
11οο1011011, John, eustody 01 menore
granted 10, 1011, 11.

1100101 0110110011001001 10 puer to
1101010110111.
110111, 01101 01, 300.
11010110,101011 01, 307.
lingent, Sir 11101011, 10101 01 Delvyne,
007.
Negent, 1101100, 246.

Ο.

01101, 11010111, 325.

01111, 111111 enemy, 41.
011110, (101011, 0110110111 01 hir tribe, 101.
0001101011, John, 111101 111101, 74, 70.

 

